1753327888908
1753327888941
1753327888975
1753327889008
1753327889041
1753327889075
1753327889108
1753327889141
1753327889175
1753327889208
1753327889241
1753327889275
1753327889308
1753327889341
1753327889375
1753327889408
1753327889441
1753327889475
1753327889541
1753327889575
1753327889608
1753327889641
1753327889675
1753327889708
1753327889741
1753327889775
1753327889808
1753327889841
1753327889875
1753327889908
1753327889941
1753327889975
1753327890008
1753327890041
1753327890075
1753327890108
1753327890141
1753327890175
1753327890208
1753327890241
1753327890275
1753327890308
1753327890341
1753327890375
1753327890408
1753327890441
1753327890475
1753327890508
1753327890541
1753327890575
1753327890608
1753327890641
1753327890675
1753327890708
1753327890741
1753327890775
1753327890808
1753327890841
1753327890875
1753327890908
1753327890941
1753327890975
1753327891008
1753327891041
1753327891141
1753327891175
1753327891208
1753327891241
1753327891275
1753327891308
1753327891341
1753327891375
1753327891408
1753327891441
1753327891475
1753327891508
1753327891541
1753327891575
1753327891608
1753327891641
1753327891675
1753327891708
1753327891741
1753327891775
1753327891808
1753327891841
1753327891875
1753327891941
1753327891975
1753327892008
1753327892075
1753327892141
1753327892175
1753327892208
1753327892241
1753327892275
1753327892308
1753327892341
1753327892375
1753327892441
1753327892475
1753327892508
1753327892541
1753327892575
1753327892608
1753327892641
1753327892675
1753327892708
1753327892741
1753327892775
1753327892808
1753327892841
1753327892875
1753327892908
1753327892941
1753327892975
1753327893008
1753327893041
1753327893075
1753327893108
1753327893141
1753327893175
1753327893208
1753327893241
1753327893275
1753327893308
1753327893341
1753327893375
1753327893408
1753327893441
1753327893475
1753327893508
1753327893541
1753327893575
1753327893608
1753327893641
1753327893675
1753327893708
1753327893741
1753327893775
1753327893808
1753327893841
1753327893875
1753327893908
1753327893941
1753327893975
1753327894008
1753327894041
1753327894075
1753327894108
1753327894141
1753327894175
1753327894208
1753327894241
1753327894275
1753327894308
1753327894341
1753327894375
1753327894408
1753327894441
1753327894475
1753327894508
1753327894541
1753327894575
1753327894608
1753327894641
1753327894675
1753327894708
1753327894741
1753327894775
1753327894808
1753327894841
1753327894875
1753327894908
1753327894941
1753327894975
1753327895008
1753327895041
1753327895075
1753327895108
1753327895141
1753327895175
1753327895208
1753327895308
1753327895341
1753327895375
1753327895408
1753327895441
1753327895475
1753327895541
1753327895575
1753327895608
1753327895641
1753327895675
1753327895708
1753327895741
1753327895775
1753327895808
1753327895841
1753327895875
1753327895908
1753327895941
1753327895975
1753327896008
1753327896041
1753327896075
1753327896108
1753327896141
1753327896175
1753327896208
1753327896241
1753327896275
1753327896308
1753327896341
1753327896375
1753327896408
1753327896441
1753327896475
1753327896508
1753327896541
1753327896641
1753327896675
1753327896708
1753327896808
1753327896841
1753327896875
1753327896908
1753327896941
1753327896975
1753327897008
1753327897041
1753327897075
1753327897108
1753327897141
1753327897175
1753327897275
1753327897308
1753327897341
1753327897375
1753327897408
1753327897441
1753327897475
1753327897508
1753327897541
1753327897575
1753327897608
1753327897641
1753327897675
1753327897708
1753327897741
1753327897775
1753327897808
1753327897841
1753327897875
1753327897941
1753327897975
1753327898008
1753327898041
1753327898075
1753327898108
1753327898141
1753327898175
1753327898208
1753327898241
1753327898275
1753327898308
1753327898341
1753327898375
1753327898408
1753327898441
1753327898475
1753327898508
1753327898541
1753327898575
1753327898608
1753327898641
1753327898675
1753327898708
1753327898741
1753327898775
1753327898808
1753327898841
1753327898875
1753327898908
1753327898941
1753327898975
1753327899008
1753327899041
1753327899075
1753327899108
1753327899141
1753327899175
1753327899241
1753327899275
1753327899308
1753327899341
1753327899375
1753327899408
1753327899441
1753327899475
1753327899508
1753327899541
1753327899641
1753327899675
1753327899708
1753327899741
1753327899775
1753327899808
1753327899841
1753327899875
1753327899908
1753327899941
1753327899975
1753327900008
1753327900041
1753327900075
1753327900108
1753327900141
1753327900175
1753327900208
1753327900241
1753327900275
1753327900308
1753327900341
1753327900375
1753327900408
1753327900441
1753327900475
1753327900508
1753327900575
1753327900608
1753327900641
1753327900675
1753327900708
1753327900741
1753327900775
1753327900808
1753327900841
1753327900941
1753327900975
1753327901008
1753327901108
1753327901141
1753327901175
1753327901208
1753327901241
1753327901275
1753327901308
1753327901341
1753327901375
1753327901408
1753327901441
1753327901475
1753327901508
1753327901608
1753327901641
1753327901675
1753327901708
1753327901741
1753327901775
1753327901808
1753327901841
1753327901875
1753327901908
1753327901941
1753327901975
1753327902008
1753327902041
1753327902075
1753327902108
1753327902141
1753327902175
1753327902208
1753327902241
1753327902275
1753327902308
1753327902341
1753327902375
1753327902408
1753327902441
1753327902475
1753327902508
1753327902541
1753327902575
1753327902608
1753327902708
1753327902741
1753327902841
1753327902875
1753327902908
1753327902941
1753327903041
1753327903075
1753327903108
1753327903141
1753327903175
1753327903208
1753327903241
1753327903341
1753327903375
1753327903408
1753327903441
1753327903475
1753327903508
1753327903541
1753327903641
1753327903675
1753327903708
1753327903741
1753327903841
1753327903875
1753327903908
1753327903941
1753327903975
1753327904008
1753327904041
1753327904075
1753327904108
1753327904141
1753327904175
1753327904208
1753327904241
1753327904275
1753327904308
1753327904341
1753327904375
1753327904408
1753327904441
1753327904475
1753327904508
1753327904541
1753327904575
1753327904608
1753327904641
1753327904675
1753327904708
1753327904741
1753327904775
1753327904808
1753327904841
1753327904941
1753327904975
1753327905008
1753327905041
1753327905075
1753327905108
1753327905141
1753327905175
1753327905208
1753327905241
1753327905275
1753327905308
1753327905341
1753327905375
1753327905408
1753327905441
1753327905475
1753327905508
1753327905541
1753327905575
1753327905608
1753327905641
1753327905675
1753327905708
1753327905741
1753327905775
1753327905808
1753327905841
1753327905875
1753327905908
1753327905941
1753327905975
1753327906008
1753327906041
1753327906075
1753327906108
1753327906208
1753327906241
1753327906275
1753327906308
1753327906341
1753327906375
1753327906408
1753327906441
1753327906475
1753327906508
1753327906541
1753327906575
1753327906608
1753327906641
1753327906675
1753327906708
1753327906741
1753327906775
1753327906808
1753327906841
1753327906875
1753327906908
1753327907008
1753327907041
1753327907075
1753327907108
1753327907141
1753327907175
1753327907208
1753327907241
1753327907275
1753327907308
1753327907341
1753327907375
1753327907408
1753327907441
1753327907475
1753327907508
1753327907541
1753327907575
1753327907608
1753327907641
1753327907675
1753327907708
1753327907741
1753327907841
1753327907875
1753327907908
1753327907941
1753327907975
1753327908008
1753327908041
1753327908141
1753327908175
1753327908208
1753327908241
1753327908341
1753327908375
1753327908408
1753327908441
1753327908475
1753327908508
1753327908541
1753327908575
1753327908608
1753327908641
1753327908675
1753327908708
1753327908741
1753327908775
1753327908808
1753327908841
1753327908875
1753327908908
1753327908941
1753327908975
1753327909008
1753327909041
1753327909075
1753327909108
1753327909141
1753327909175
1753327909208
1753327909241
1753327909275
1753327909308
1753327909341
1753327909441
1753327909475
1753327909508
1753327909541
1753327909575
1753327909608
1753327909641
1753327909675
1753327909708
1753327909741
1753327909775
1753327909808
1753327909841
1753327909875
1753327909908
1753327909941
1753327909975
1753327910008
1753327910041
1753327910075
1753327910108
1753327910141
1753327910175
1753327910208
1753327910308
1753327910375
1753327910408
1753327910441
1753327910475
1753327910508
1753327910541
1753327910575
1753327910608
1753327910641
1753327910675
1753327910708
1753327910741
1753327910775
1753327910808
1753327910841
1753327910875
1753327910908
1753327910941
1753327910975
1753327911008
1753327911041
1753327911075
1753327911108
1753327911141
1753327911175
1753327911208
1753327911308
1753327911341
1753327911375
1753327911441
1753327911475
1753327911508
1753327911541
1753327911575
1753327911608
1753327911641
1753327911675
1753327911708
1753327911741
1753327911775
1753327911808
1753327911841
1753327911875
1753327911908
1753327911941
1753327911975
1753327912008
1753327912041
1753327912075
1753327912108
1753327912141
1753327912175
1753327912208
1753327912275
1753327912308
1753327912341
1753327912375
1753327912408
1753327912441
1753327912475
1753327912541
1753327912575
1753327912608
1753327912641
1753327912675
1753327912708
1753327912741
1753327912775
1753327912808
1753327912841
1753327912875
1753327912908
1753327912941
1753327912975
1753327913008
1753327913041
1753327913075
1753327913108
1753327913141
1753327913175
1753327913208
1753327913241
1753327913275
1753327913308
1753327913341
1753327913375
1753327913408
1753327913441
1753327913475
1753327913508
1753327913541
1753327913575
1753327913608
1753327913641
1753327913675
1753327913708
1753327913741
1753327913775
1753327913808
1753327913841
1753327913941
1753327913975
1753327914008
1753327914041
1753327914075
1753327914108
1753327914141
1753327914175
1753327914208
1753327914241
1753327914275
1753327914308
1753327914341
1753327914375
1753327914408
1753327914441
1753327914475
1753327914508
1753327914541
1753327914575
1753327914608
1753327914641
1753327914675
1753327914708
1753327914741
1753327914775
1753327914808
1753327914908
1753327914941
1753327914975
1753327915008
1753327915041
1753327915075
1753327915108
1753327915141
1753327915175
1753327915208
1753327915241
1753327915275
1753327915308
1753327915341
1753327915375
1753327915441
1753327915475
1753327915508
1753327915541
1753327915575
1753327915608
1753327915708
1753327915741
1753327915775
1753327915808
1753327915841
1753327915875
1753327915908
1753327915941
1753327915975
1753327916008
1753327916041
1753327916075
1753327916108
1753327916141
1753327916175
1753327916208
1753327916241
1753327916275
1753327916308
1753327916341
1753327916375
1753327916408
1753327916441
1753327916475
1753327916508
1753327916541
1753327916575
1753327916608
1753327916641
1753327916675
1753327916708
1753327916741
1753327916841
1753327916875
1753327916908
1753327916941
1753327916975
1753327917041
1753327917075
1753327917141
1753327917175
1753327917208
1753327917241
1753327917275
1753327917308
1753327917341
1753327917375
1753327917408
1753327917441
1753327917475
1753327917508
1753327917541
1753327917575
1753327917608
1753327917641
1753327917675
1753327917708
1753327917741
1753327917775
1753327917808
1753327917841
1753327917875
1753327917908
1753327917941
1753327917975
1753327918008
1753327918041
1753327918075
1753327918108
1753327918141
1753327918175
1753327918208
1753327918241
1753327918275
1753327918308
1753327918341
1753327918375
1753327918408
1753327918441
1753327918475
1753327918508
1753327918608
1753327918641
1753327918675
1753327918708
1753327918741
1753327918775
1753327918808
1753327918841
1753327918875
1753327918908
1753327918941
1753327918975
1753327919075
1753327919108
1753327919141
1753327919175
1753327919208
1753327919241
1753327919275
1753327919308
1753327919408
1753327919441
1753327919475
1753327919508
1753327919541
1753327919575
1753327919641
1753327919675
1753327919708
1753327919741
1753327919775
1753327919875
1753327919941
1753327919975
1753327920008
1753327920041
1753327920075
1753327920108
1753327920141
1753327920241
1753327920275
1753327920308
1753327920341
1753327920375
1753327920408
1753327920441
1753327920475
1753327920508
1753327920541
1753327920575
1753327920608
1753327920641
1753327920675
1753327920708
1753327920741
1753327920775
1753327920808
1753327920841
1753327920875
1753327920908
1753327920941
1753327920975
1753327921008
1753327921041
1753327921075
1753327921108
1753327921141
1753327921175
1753327921241
1753327921275
1753327921308
1753327921341
1753327921375
1753327921408
1753327921441
1753327921475
1753327921508
1753327921541
1753327921641
1753327921675
1753327921708
1753327921741
1753327921775
1753327921808
1753327921841
1753327921875
1753327921908
1753327921941
1753327921975
1753327922008
1753327922041
1753327922075
1753327922108
1753327922141
1753327922175
1753327922208
1753327922241
1753327922275
1753327922308
1753327922341
1753327922375
1753327922408
1753327922441
1753327922475
1753327922508
1753327922541
1753327922575
1753327922608
1753327922641
1753327922675
1753327922741
1753327922775
1753327922808
1753327922841
1753327922875
1753327922908
1753327922941
1753327922975
1753327923008
1753327923041
1753327923075
1753327923108
1753327923141
1753327923175
1753327923208
1753327923241
1753327923275
1753327923308
1753327923341
1753327923375
1753327923408
1753327923441
1753327923475
1753327923508
1753327923541
1753327923575
1753327923608
1753327923641
1753327923675
1753327923708
1753327923741
1753327923775
1753327923808
1753327923908
1753327923941
1753327923975
1753327924008
1753327924041
1753327924075
1753327924108
1753327924141
1753327924175
1753327924275
1753327924308
1753327924441
1753327924475
1753327924508
1753327924541
1753327924575
1753327924608
1753327924641
1753327924741
1753327924775
1753327924808
1753327924841
1753327924875
1753327924908
1753327924941
1753327924975
1753327925008
1753327925041
1753327925075
1753327925108
1753327925141
1753327925175
1753327925208
1753327925241
1753327925275
1753327925308
1753327925341
1753327925375
1753327925408
1753327925441
1753327925475
1753327925508
1753327925541
1753327925575
1753327925608
1753327925641
1753327925675
1753327925708
1753327925741
1753327925775
1753327925808
1753327925841
1753327925875
1753327925908
1753327925941
1753327925975
1753327926008
1753327926041
1753327926075
1753327926108
1753327926141
1753327926175
1753327926208
1753327926241
1753327926275
1753327926308
1753327926341
1753327926375
1753327926408
1753327926441
1753327926475
1753327926508
1753327926541
1753327926575
1753327926608
1753327926641
1753327926675
1753327926708
1753327926741
1753327926775
1753327926808
1753327926841
1753327926875
1753327926908
1753327926941
1753327926975
1753327927041
1753327927075
1753327927108
1753327927141
1753327927175
1753327927208
1753327927241
1753327927275
1753327927341
1753327927375
1753327927408
1753327927441
1753327927475
1753327927508
1753327927541
1753327927575
1753327927608
1753327927641
1753327927675
1753327927708
1753327927741
1753327927775
1753327927808
1753327927841
1753327927875
1753327927908
1753327927941
1753327927975
1753327928008
1753327928041
1753327928075
1753327928108
1753327928141
1753327928175
1753327928208
1753327928241
1753327928275
1753327928308
1753327928341
1753327928375
1753327928408
1753327928441
1753327928475
1753327928508
1753327928541
1753327928575
1753327928608
1753327928641
1753327928675
1753327928708
1753327928741
1753327928775
1753327928808
1753327928841
1753327928875
1753327928908
1753327928941
1753327929041
1753327929075
1753327929108
1753327929141
1753327929175
1753327929241
1753327929275
1753327929308
1753327929341
1753327929375
1753327929408
1753327929441
1753327929475
1753327929508
1753327929541
1753327929575
1753327929608
1753327929641
1753327929675
1753327929708
1753327929775
1753327929808
1753327929841
1753327929875
1753327929908
1753327929941
1753327930041
1753327930075
1753327930108
1753327930141
1753327930275
1753327930308
1753327930341
1753327930375
1753327930408
1753327930441
1753327930475
1753327930508
1753327930541
1753327930641
1753327930675
1753327930708
1753327930741
1753327930775
1753327930808
1753327930841
1753327930875
1753327930908
1753327930941
1753327930975
1753327931008
1753327931041
1753327931075
1753327931108
1753327931141
1753327931175
1753327931208
1753327931241
1753327931275
1753327931308
1753327931341
1753327931375
1753327931408
1753327931441
1753327931475
1753327931508
1753327931541
1753327931575
1753327931608
1753327931641
1753327931675
1753327931708
1753327931741
1753327931775
1753327931808
1753327931841
1753327931875
1753327931908
1753327931941
1753327931975
1753327932008
1753327932041
1753327932075
1753327932108
1753327932141
1753327932175
1753327932208
1753327932241
1753327932275
1753327932308
1753327932341
1753327932375
1753327932408
1753327932441
1753327932475
1753327932508
1753327932541
1753327932575
1753327932608
1753327932641
1753327932675
1753327932708
1753327932741
1753327932775
1753327932808
1753327932841
1753327932875
1753327932908
1753327932941
1753327932975
1753327933008
1753327933041
1753327933075
1753327933108
1753327933141
1753327933175
1753327933208
1753327933241
1753327933275
1753327933308
1753327933341
1753327933375
1753327933408
1753327933441
1753327933475
1753327933508
1753327933541
1753327933575
1753327933608
1753327933641
1753327933675
1753327933708
1753327933741
1753327933775
1753327933808
1753327933841
1753327933875
1753327933908
1753327933941
1753327933975
1753327934008
1753327934041
1753327934075
1753327934108
1753327934141
1753327934175
1753327934208
1753327934241
1753327934275
1753327934308
1753327934341
1753327934375
1753327934408
1753327934441
1753327934475
1753327934508
1753327934541
1753327934575
1753327934608
1753327934641
1753327934675
1753327934708
1753327934741
1753327934775
1753327934808
1753327934841
1753327934875
1753327934908
1753327934941
1753327934975
1753327935008
1753327935041
1753327935075
1753327935108
1753327935141
1753327935175
1753327935208
1753327935241
1753327935275
1753327935308
1753327935341
1753327935375
1753327935408
1753327935441
1753327935475
1753327935508
1753327935541
1753327935575
1753327935608
1753327935641
1753327935675
1753327935708
1753327935741
1753327935775
1753327935808
1753327935841
1753327935875
1753327935908
1753327935941
1753327935975
1753327936008
1753327936041
1753327936075
1753327936108
1753327936141
1753327936175
1753327936208
1753327936241
1753327936275
1753327936308
1753327936341
1753327936375
1753327936408
1753327936441
1753327936475
1753327936508
1753327936541
1753327936575
1753327936608
1753327936641
1753327936675
1753327936708
1753327936741
1753327936775
1753327936808
1753327936841
1753327936875
1753327936908
1753327936941
1753327936975
1753327937008
1753327937041
1753327937075
1753327937108
1753327937141
1753327937175
1753327937208
1753327937241
1753327937275
1753327937308
1753327937341
1753327937375
1753327937408
1753327937441
1753327937475
1753327937508
1753327937541
1753327937575
1753327937608
1753327937641
1753327937675
1753327937708
1753327937741
1753327937775
1753327937808
1753327937841
1753327937875
1753327937908
1753327937941
1753327937975
1753327938008
1753327938041
1753327938075
1753327938108
1753327938141
1753327938175
1753327938208
1753327938241
1753327938275
1753327938308
